241 341
19 674
53 857
22 987
123 862
742 1025
1380 939
1621 1830
1247 1945
198 1810
298 1513
274 1420
611 673
776 392
1429 134
1917 687
2542 236
2588 302
2599 901
2628 1479
2721 1482
2576 1676
2728 1698
2945 1622
2961 1605
3085 1528
3373 1646
3447 1830
2597 1830
2290 1810
2139 1806
2178 1619
1787 1009
1795 962
2097 981
2421 1007
2574 946
2482 1183
2586 1286
1807 1711
1234 1946
1251 1832
890 1846
929 1766
928 1700
872 1559
611 1384
252 1240
161 906
376 825
378 1048
839 620
953 268
1178 100
1323 280
1286 525
1187 706
738 1325
463 1670
1393 1368
1424 1728
1625 1651
1724 1642
2573 1969
2678 1825
2716 1432
2573 599
2863 558
2991 792
3113 885
3479 821
3416 143
3022 474
2936 337
2848 96
2519 135
938 955
984 965
1115 1052
327 265
178 24
457 334
1256 61
3640 43
3815 169
3893 102
3913 192
3875 598
3888 666
3874 1318
3950 1558
3955 1743
3911 1673
3683 1533
3510 1671
3384 1498
3854 923
3822 899
3756 882
3520 1079
241 341
